415 414 629 267 549
427 428 431 548 250
642 697 461 274 325
102 426 509 240 304
61 62 697 618 512
426 199 396 92 91
303 124 7 253 606
70 170 461 45 408
81 79 420 281 178
255 254 454 523 640
287 697 383 644 366
553 545 299 361 143
639 451 443 384 441
143 38 664 408 549
176 175 187 50 185
282 138 304 63 490
549 548 304 461 27
54 136 353 653 497
355 268 511 107 66
125 380 81 410 116
700 452 75 358 357
706 512 63 353 688
81 531 501 421 282
27 45 340 326 274
304 426 697 283 250
299 466 304 571 413
353 232 67 446 645
379 147 549 380 101
145 238 163 128 294
151 625 549 380 626
172 72 209 496 704 
155 142 139 314 166
167 164 183 195 148
191 176 400 423 148
324 533 372 367 81
388 197 453 440 450
304 21 125 190 224
463 388 211 218 491
578 156 201 550 318
257 297 304 623 214
425 20 396 338 135
380 549 601 565 231
262 487 356 661 354
566 396 549 394 109
14 282 587 80 588
232 585 586 564 697
642 563 232 278 58
507 337 550 174 674
420 424 396 677 77
549 404 396 348 281
58 217 232 549 68
459 263 165 547 685
376 367 377 526 211
273 504 221 409 692
649 27 634 470 281
587 365 96 274 45
245 15 313 574 264
550 461 601 274 408
257 214 262 282 647
158 549 242 555 309
579 69 606 402 27
37 321 45 690 377
122 153 49 705 660
617 97 91 540 387
399 438 461 125 304
550 171 125 479 344
118 425 396 22 390
420 263 45 207 211
272 33 420 281 473
408 4 667 563 281
532 373 211 609 304
27 125 289 684 280
513 652 46 27 125
276 78 550 281 534
275 288 553 652 472
532 529 406 282 45
381 27 601 281 5
282 530 265 249 315
369 315 225 104 237
328 459 662 81 279
125 239 282 594 468
524 478 330 562 45
340 363 525 27 284
195 317 449 458 281
468 536 557 36 274
31 584 417 281 561
515 380 403 668 45
5 374 27 265 553
137 27 519 274 452
666 45 209 662 652
606 282 447 563 624
407 678 538 535 528
196 408 601 125 667
408 601 504 134 207
408 665 534 635 281
28 339 485 378 312
408 601 274 517 252
540 682 408 71 520
459 371 11 408 207
534 274 592 48 323
125 408 274 667 282
612 235 435 360 434
212 81 27 281 209
42 459 220 601 558
601 549 408 189 607
681 420 180 675 448
483 549 461 408 125
568 493 55 445 679
667 461 464 697 563
79 421 304 165 539
165 304 609 281 274
456 591 120 304 81
165 81 304 408 203
385 614 583 320 285
525 241 543 657 216
651 292 286 433 259
261 281 609 304 687
576 380 549 575 498
236 701 516 280 379
6 598 265 302 380
371 436 295 327 39
627 628 398 646 342
137 505 282 457 45
328 556 265 377 658
247 110 702 87 88
211 282 630 304 476
348 331 669 181 420
540 306 544 437 537
609 304 420 165 550
94 514 310 582 350
380 549 408 697 141
408 601 100 667 141
380 549 304 257 407
281 631 633 234 611
281 405 623 408 601
477 380 549 425 132
333 549 461 703 246
510 408 35 461 345
380 282 380 26 461
589 610 304 484 229
304 47 227 552 554
304 258 408 125 525
341 329 602 105 560
341 329 602 691 560
408 601 106 84 546
541 364 389 204 205
282 444 304 697 532
362 609 549 667 304
11 19 74 616 316
235 211 686 208 347
144 408 606 419 460
304 165 262 549 489
282 695 521 76 113
462 459 203 518 63
235 161 408 502 200
265 6 522 230 30
283 480 481 549 510
587 274 226 215 41
274 380 381 125 392
429 395 244 13 119
549 156 683 558 304
60 296 601 63 332
459 526 98 282 349
233 620 380 10 64
130 149 180 85 648
173 53 597 85 676
180 319 334 271 269
130 52 527 228 386
549 61 343 461 371
336 541 368 304 638
304 301 125 432 322
371 380 397 707 302
693 697 577 300 430
160 694 56 493 475
8 40 380 461 121
604 12 603 303 637
549 65 506 248 156
146 503 114 583 408
291 143 304 581 261
188 59 83 123 159
223 90 116 299 380
115 116 89 125 408
184 408 219 25 667
137 45 375 367 632
262 165 304 495 680
307 573 32 126 656
311 291 304 34 416
569 593 299 186 298
192 29 606 133 465
606 158 308 282 127
650 165 220 193 184
61 422 665 461 243
108 411 412 622 621
299 51 435 282 439
670 95 426 671 395
143 2 549 650 672
549 143 3 1 650
605 111 606 24 112
125 549 103 494 559
396 277 659 426 600
426 567 396 93 86
125 57 549 667 408
549 667 469 605 198
549 667 141 99 131
251 143 304 299 549
160 235 202 427 492
570 401 157 53 655
140 675 222 169 154
471 590 168 551 474
160 595 23 619 256
79 120 346 459 596
549 103 156 599 203
442 428 73 82 382
427 129 44 257 422
650 461 548 393 580
549 257 117 615 270
260 549 304 335 293
549 652 261 165 290
261 488 165 262 213
549 348 257 9 482
261 156 549 654 18
140 549 408 43 663
351 391 549 150 177
140 408 89 549 263
298 125 606 156 359
549 420 182 636 510
162 210 699 640 194
266 418 16 425 667
608 643 329 370 241
455 542 17 499 696
179 613 352 152 206
508 689 486 673 305